0.29999999999982485 2
1.3999999999998245 0.8241259228303749
2.5999999999998256 0.5087245205924348
3.7999999999998284 0.7414031666434175
4.999999999999831 0.9727445790964062
6.199999999999832 1.2027487579514005
7.399999999999835 1.4314157032084007
8.599999999999838 1.6587454148674068
9.79999999999984 1.8847378929284189
10.999999999999844 2.1093931373914367
12.199999999999847 2.33271114825646
13.39999999999985 2.55469192552349
14.599999999999852 2.7753354691925254
15.799999999999855 2.9946417792635667
16.999999999999858 3.2126108557366138
18.19999999999986 3.429242698611666
19.399999999999864 3.644537307888725
20.599999999999866 3.85849468356779
21.79999999999987 4.071114825648861
22.999999999999858 4.282397734131934
24.199999999999847 4.492343409017014
25.399999999999835 4.700951850304099
26.599999999999824 4.908223057993191
27.799999999999812 5.114157032084288
28.9999999999998 5.3187537725773915
30.19999999999979 5.5220132794725
31.39999999999978 5.723935552769614
32.59999999999977 5.924520592468736
33.69999999999976 4.580411617216853
34.89999999999976 4.728928123694078
36.09999999999975 4.876441704972807
37.29999999999975 5.022952361053041
38.499999999999744 5.1684600919347785
39.69999999999974 5.312964897618022
