0.7999999999999999 -1.0 240
0.8999999999999999 -2.0 240
0.9999999999999999 -3.0 240
1.2 -4.0 240
1.3 -5.0 240
1.4000000000000001 -6.0 240
1.6000000000000003 -7.0 240
1.8000000000000005 -8.0 240
2.0000000000000004 -9.0 240
2.2000000000000006 -10.0 240
2.500000000000001 -11.0 240
5.999999999999995 -12.0 240
6.199999999999994 -13.0 240
6.299999999999994 -14.0 240
6.499999999999993 -15.0 240
6.5999999999999925 -16.0 240
6.699999999999992 -17.0 240
6.8999999999999915 -18.0 240
6.999999999999991 -19.0 240
7.099999999999991 -20.0 240
7.29999999999999 -21.0 240
7.39999999999999 -22.0 240
7.499999999999989 -23.0 240
7.699999999999989 -24.0 240
11.999999999999973 -23.0 240
12.499999999999972 -22.0 240
12.599999999999971 -21.0 240
12.599999999999971 -20.0 240
12.599999999999971 -19.0 240
12.599999999999971 -18.0 240
12.69999999999997 -17.0 240
12.69999999999997 -16.0 240
12.69999999999997 -15.0 240
12.79999999999997 -14.0 240
12.79999999999997 -13.0 240
12.79999999999997 -12.0 240
12.89999999999997 -11.0 240
12.89999999999997 -10.0 240
12.89999999999997 -9.0 240
12.99999999999997 -8.0 240
12.99999999999997 -7.0 240
12.99999999999997 -6.0 240
13.09999999999997 -5.0 240
13.09999999999997 -4.0 240
13.09999999999997 -3.0 240
13.199999999999969 -2.0 240
13.199999999999969 -1.0 240
13.199999999999969 0.0 240
13.299999999999969 1.0 240
13.299999999999969 2.0 240
13.299999999999969 3.0 240
13.399999999999968 4.0 240
13.399999999999968 5.0 240
13.399999999999968 6.0 240
13.499999999999968 7.0 240
13.499999999999968 8.0 240
13.499999999999968 9.0 240
13.599999999999968 10.0 240
13.599999999999968 11.0 240
13.599999999999968 12.0 240
13.699999999999967 13.0 240
16.19999999999996 12.0 240
16.699999999999967 11.0 240
16.699999999999967 10.0 240
16.699999999999967 9.0 240
16.79999999999997 8.0 240
16.79999999999997 7.0 240
16.79999999999997 6.0 240
16.89999999999997 5.0 240
16.89999999999997 4.0 240
16.89999999999997 3.0 240
16.99999999999997 2.0 240
16.99999999999997 1.0 240
16.99999999999997 0.0 240
17.099999999999973 -1.0 240
17.099999999999973 -2.0 240
19.0 -3.0 240
19.500000000000007 -4.0 240
19.500000000000007 -5.0 240
19.60000000000001 -6.0 240
19.60000000000001 -7.0 240
19.60000000000001 -8.0 240
19.70000000000001 -9.0 240
19.70000000000001 -10.0 240
19.70000000000001 -11.0 240
19.80000000000001 -12.0 240
19.80000000000001 -13.0 240
19.80000000000001 -14.0 240
19.900000000000013 -15.0 240
19.900000000000013 -16.0 240
19.900000000000013 -17.0 240
20.000000000000014 -18.0 240
20.000000000000014 -19.0 240
21.00000000000003 -18.0 240
21.500000000000036 -17.0 240
21.500000000000036 -16.0 240
21.600000000000037 -15.0 240
21.600000000000037 -14.0 240
21.600000000000037 -13.0 240
21.70000000000004 -12.0 240
21.70000000000004 -11.0 240
21.70000000000004 -10.0 240
21.80000000000004 -9.0 240
21.80000000000004 -8.0 240
21.80000000000004 -7.0 240
21.90000000000004 -6.0 240
21.90000000000004 -5.0 240
21.90000000000004 -4.0 240
22.000000000000043 -3.0 240
22.000000000000043 -2.0 240
22.50000000000005 -1.0 240
22.700000000000053 0.0 240
22.900000000000055 1.0 240
23.10000000000006 2.0 240
35.00000000000023 2.0 239
35.600000000000236 2.0 238
35.80000000000024 2.0 237
36.00000000000024 2.0 236
36.10000000000024 2.0 235
37.40000000000026 3.0 235
37.600000000000264 4.0 235
37.80000000000027 5.0 235
38.00000000000027 6.0 235
38.20000000000027 7.0 235
42.00000000000033 8.0 235
42.70000000000034 9.0 235
43.200000000000344 10.0 235
43.200000000000344 11.0 235
43.300000000000345 12.0 235
43.300000000000345 13.0 235
43.300000000000345 14.0 235
